Y,T,year,PV,Wind_Onshore,Wind_Offshore
4,1,1983.0,0.0165625,0.6974812499999998,0.8070437500000001
4,2,1983.0,0.003111111111111111,0.5034166666666667,0.5908500000000001
4,3,1983.0,0.03709090909090909,0.33904545454545454,0.37095454545454554
4,4,1983.0,0.0011538461538461537,0.8641769230769228,0.9050692307692307
4,5,1983.0,0.015583333333333333,0.7164499999999999,0.861075
4,6,1983.0,0.0,0.5467333333333334,0.7393444444444444
4,7,1983.0,0.07350000000000001,0.5926625,0.886175
4,8,1983.0,0.0008571428571428572,0.40471428571428575,0.4801714285714286
4,9,1983.0,0.0,0.6093833333333333,0.5866666666666667
4,10,1983.0,0.010777777777777778,0.42305555555555563,0.7898777777777778
4,11,1983.0,0.008727272727272728,0.8347393939393938,0.8956151515151515
4,12,1983.0,0.0,0.7288333333333334,0.8053555555555555
4,13,1983.0,0.022571428571428576,0.6657357142857142,0.82045
4,14,1983.0,0.0372,0.52259,0.6022200000000001
4,15,1983.0,0.02353571428571429,0.8142464285714287,0.8131714285714285
4,16,1983.0,0.0,0.5958499999999999,0.55513
4,17,1983.0,0.02125,0.69168125,0.7311000000000001
4,18,1983.0,0.0,0.7606125,0.6930499999999999
4,19,1983.0,0.02206666666666667,0.68666,0.7140866666666668
4,20,1983.0,0.0,0.5019111111111112,0.7537333333333334
4,21,1983.0,0.02314285714285714,0.3271642857142857,0.677707142857143
4,22,1983.0,0.018096774193548385,0.4757516129032257,0.7220387096774195
4,23,1983.0,0.013853333333333336,0.8142266666666669,0.8810813333333334
4,24,1983.0,0.0375,0.8622785714285713,0.856407142857143
4,25,1983.0,0.0,0.9175700000000001,0.95802
4,26,1983.0,0.04681250000000001,0.8066062500000001,0.9071000000000002
4,27,1983.0,0.0,0.4972375,0.8214
4,28,1983.0,0.1025,0.2410142857142857,0.5810214285714286
4,29,1983.0,0.0,0.3418,0.37048
4,30,1983.0,0.0565,0.6507,0.6026562500000001
4,31,1983.0,0.0,0.7649,0.7467125
4,32,1983.0,0.07313333333333333,0.6278133333333333,0.6220666666666665
4,33,1983.0,0.03973469387755102,0.37796122448979586,0.31068571428571434
4,34,1983.0,0.0,0.64565,0.62465
4,35,1983.0,0.019399999999999997,0.55122,0.6509666666666666
4,36,1983.0,0.0,0.4474444444444445,0.4645111111111111
4,37,1983.0,0.02365625,0.6670281250000001,0.5273156250000001
4,38,1983.0,0.00125,0.6795625000000001,0.7543875000000001
4,39,1983.0,0.0,0.8498375,0.8946125
4,40,1983.0,0.06799999999999999,0.7009266666666666,0.8064666666666668
4,41,1983.0,0.0,0.4863222222222222,0.6262444444444445
4,42,1983.0,0.027100000000000003,0.47135,0.86182
4,43,1983.0,0.0355,0.8296083333333336,0.8765999999999998
4,44,1983.0,0.0,0.5255363636363636,0.6708545454545454
4,45,1983.0,0.021217391304347827,0.4796130434782608,0.8751173913043477
4,46,1983.0,0.0055,0.2836375,0.45933749999999995
4,47,1983.0,0.017400000000000002,0.7171700000000001,0.8744200000000001
4,48,1983.0,0.0,0.9047399999999998,0.97177
4,49,1983.0,0.06821428571428571,0.7709642857142859,0.8864285714285713
4,50,1983.0,0.0,0.46791428571428567,0.6377714285714287
4,51,1983.0,0.11216666666666665,0.213925,0.28758333333333336
4,52,1983.0,0.0037647058823529413,0.27749411764705884,0.5079882352941176
4,53,1983.0,0.10053846153846155,0.16524615384615382,0.3103384615384615
4,54,1983.0,0.0002,0.13942000000000002,0.13268
4,55,1983.0,0.17885714285714285,0.5249571428571429,0.35934285714285713
4,56,1983.0,0.024281249999999997,0.7942734374999999,0.8372750000000001
4,57,1983.0,0.06253333333333334,0.6254200000000001,0.7420266666666667
4,58,1983.0,0.0,0.3688,0.7361333333333334
4,59,1983.0,0.08471428571428573,0.2906357142857143,0.6366857142857142
4,60,1983.0,0.0,0.15119999999999997,0.49937000000000004
4,61,1983.0,0.0834,0.13341333333333333,0.30977333333333334
4,62,1983.0,0.012249999999999999,0.30665000000000003,0.10693333333333332
4,63,1983.0,0.07316666666666667,0.6748833333333333,0.5325916666666667
4,64,1983.0,0.0,0.6122000000000001,0.6044666666666667
4,65,1983.0,0.09446666666666668,0.4158333333333334,0.6143
4,66,1983.0,0.0047272727272727275,0.18107272727272727,0.5100454545454546
4,67,1983.0,0.051333333333333335,0.06553125000000001,0.24454166666666666
4,68,1983.0,0.323,0.09903333333333335,0.29763333333333336
4,69,1983.0,0.022285714285714287,0.14864285714285716,0.3806
4,70,1983.0,0.0,0.21843333333333334,0.5489111111111111
4,71,1983.0,0.11885714285714286,0.2646428571428571,0.65555
4,72,1983.0,0.005,0.15137499999999998,0.4556416666666667
4,73,1983.0,0.23700000000000002,0.1861142857142857,0.4394857142857143
4,74,1983.0,0.023166666666666665,0.18494444444444444,0.513438888888889
4,75,1983.0,0.36199999999999993,0.17466666666666666,0.48313333333333336
4,76,1983.0,0.014058823529411764,0.13289411764705883,0.40165882352941173
4,77,1983.0,0.42271428571428576,0.08538571428571429,0.25284285714285715
4,78,1983.0,0.027722222222222224,0.08545000000000001,0.2598777777777778
4,79,1983.0,0.4524000000000001,0.0439,0.12574000000000002
4,80,1983.0,0.058541666666666665,0.18381250000000002,0.14981666666666663
4,81,1983.0,0.007470588235294118,0.20767058823529413,0.362435294117647
4,82,1983.0,0.3308571428571429,0.20208571428571429,0.3352857142857143
4,83,1983.0,0.013411764705882356,0.2874823529411764,0.532835294117647
4,84,1983.0,0.414375,0.522075,0.6820874999999998
4,85,1983.0,0.0074375000000000005,0.43496250000000003,0.70461875
4,86,1983.0,0.2927142857142857,0.27952857142857146,0.5343857142857142
4,87,1983.0,0.02428571428571429,0.22444285714285714,0.44721428571428573
4,88,1983.0,0.04739705882352943,0.17936470588235298,0.2551911764705882
4,89,1983.0,0.032888888888888884,0.3008777777777778,0.53715
4,90,1983.0,0.015105263157894738,0.6528263157894736,0.7358631578947369
4,91,1983.0,0.14171428571428574,0.5415571428571428,0.6563428571428573
4,92,1983.0,0.016666666666666666,0.14147500000000005,0.3727000000000001
4,93,1983.0,0.35600000000000004,0.14035,0.24325
4,94,1983.0,0.009062500000000001,0.3186375000000001,0.193525
4,95,1983.0,0.0240625,0.26224375,0.42473125000000006
4,96,1983.0,0.0,0.3983875,0.6319125000000001
4,97,1983.0,0.14444444444444446,0.4477666666666667,0.5188333333333334
4,98,1983.0,0.00876470588235294,0.23414705882352937,0.18839411764705885
4,99,1983.0,0.31999999999999995,0.49447142857142856,0.24015714285714287
4,100,1983.0,0.015111111111111112,0.6186888888888888,0.4286666666666667
4,101,1983.0,0.24250000000000002,0.7841666666666667,0.7049666666666666
4,102,1983.0,0.0469090909090909,0.6659999999999998,0.5874303030303029
4,103,1983.0,0.06866666666666665,0.36980617283950623,0.24515432098765425
4,104,1983.0,0.13624999999999998,0.4998666666666666,0.41985
4,105,1983.0,0.0,0.14007777777777777,0.2916222222222223
4,106,1983.0,0.06812499999999999,0.17201874999999997,0.15735
4,107,1983.0,0.03991428571428571,0.35770285714285716,0.39332
4,108,1983.0,0.04395238095238095,0.37756190476190477,0.5835333333333333
4,109,1983.0,0.09868750000000001,0.219025,0.42570624999999995
4,110,1983.0,0.0127,0.16308,0.13448
4,111,1983.0,0.35642857142857143,0.16064285714285712,0.17300000000000001
4,112,1983.0,0.008866666666666667,0.19546000000000005,0.2004
4,113,1983.0,0.05152083333333333,0.36210416666666667,0.5058854166666668
4,114,1983.0,0.17666666666666667,0.1232111111111111,0.3440111111111111
4,115,1983.0,0.00525,0.25291249999999993,0.6226375000000001
4,116,1983.0,0.2982857142857143,0.21047142857142856,0.31332857142857146
4,117,1983.0,0.03405263157894737,0.4234105263157894,0.32131052631578944
4,118,1983.0,0.311,0.46408333333333335,0.5422833333333333
4,119,1983.0,0.014555555555555556,0.3809444444444444,0.4810666666666667
4,120,1983.0,0.00016666666666666666,0.7452833333333332,0.6628166666666667
4,121,1983.0,0.059416666666666666,0.7870958333333333,0.9278333333333332
4,122,1983.0,0.3093333333333333,0.7308777777777777,0.9638333333333333
4,123,1983.0,0.0376,0.41563999999999995,0.8431799999999999
4,124,1983.0,0.0002,0.16075,0.41863
4,125,1983.0,0.06793750000000001,0.3819625,0.6377187499999999
4,126,1983.0,0.001125,0.5639875,0.7610874999999999
4,127,1983.0,0.1456875,0.6437125,0.7661625000000001
4,128,1983.0,0.0123,0.40018000000000004,0.65981
4,129,1983.0,0.09621428571428572,0.7396928571428572,0.9010428571428571
4,130,1983.0,0.016888888888888887,0.42273333333333335,0.8202111111111111
4,131,1983.0,0.3764285714285714,0.21504285714285715,0.48689999999999994
4,132,1983.0,0.021294117647058824,0.10661764705882353,0.22113529411764707
4,133,1983.0,0.3052222222222223,0.23515555555555556,0.2710111111111111
4,134,1983.0,0.017133333333333334,0.24782,0.36006
4,135,1983.0,0.38925000000000004,0.277675,0.42045
4,136,1983.0,0.010142857142857144,0.18485714285714286,0.2576
4,137,1983.0,0.11566666666666665,0.41991666666666666,0.3460666666666667
4,138,1983.0,0.077,0.59454,0.7021500000000002
4,139,1983.0,0.0,0.45970000000000005,0.6366375000000001
4,140,1983.0,0.13468750000000002,0.47553125,0.6547625
4,141,1983.0,0.0,0.2994875,0.49615000000000004
4,142,1983.0,0.128,0.142575,0.17339999999999997
4,143,1983.0,0.011899999999999999,0.1786,0.26495
4,144,1983.0,0.40757142857142853,0.26892857142857146,0.5475285714285715
4,145,1983.0,0.053388888888888895,0.24667777777777777,0.5542
4,146,1983.0,0.42483333333333334,0.5008666666666667,0.4528666666666667
4,147,1983.0,0.05088888888888889,0.5076555555555555,0.4381777777777777
4,148,1983.0,0.005857142857142858,0.23847142857142858,0.35792857142857143
4,149,1983.0,0.317375,0.0945125,0.12937500000000002
4,150,1983.0,0.03222222222222223,0.1250277777777778,0.3098444444444444
4,151,1983.0,0.2914285714285714,0.09294285714285715,0.16668571428571427
4,152,1983.0,0.010428571428571428,0.07551428571428573,0.19097142857142857
4,153,1983.0,0.22809999999999997,0.06300000000000001,0.21115
4,154,1983.0,0.010571428571428574,0.060021428571428566,0.16852142857142857
4,155,1983.0,0.24444444444444446,0.06635555555555556,0.15043333333333334
4,156,1983.0,0.03452941176470588,0.055752941176470595,0.19904705882352947
4,157,1983.0,0.3774285714285715,0.06775714285714285,0.1760142857142857
4,158,1983.0,0.04661111111111111,0.07222777777777777,0.18662222222222216
4,159,1983.0,0.3885,0.1076375,0.37520000000000003
4,160,1983.0,0.011428571428571429,0.1293571428571429,0.17365000000000003
4,161,1983.0,0.36822222222222223,0.12386666666666664,0.06480000000000001
4,162,1983.0,0.018333333333333333,0.09461666666666667,0.14894166666666667
4,163,1983.0,0.039,0.20254,0.45386
4,164,1983.0,0.08621739130434782,0.5159739130434783,0.7373999999999998
4,165,1983.0,0.38257142857142856,0.6319999999999999,0.6270999999999999
4,166,1983.0,0.0400625,0.37362500000000004,0.7544000000000001
4,167,1983.0,0.41077777777777774,0.29605555555555557,0.6430444444444445
4,168,1983.0,0.04677777777777778,0.2416277777777778,0.3878333333333333
4,169,1983.0,0.3385714285714286,0.3537142857142857,0.4555571428571428
4,170,1983.0,0.030375,0.30456249999999996,0.34618124999999994
4,171,1983.0,0.3828571428571429,0.5594571428571428,0.38738571428571433
4,172,1983.0,0.025562500000000002,0.35146250000000007,0.2802375
4,173,1983.0,0.45075,0.3434875,0.17593749999999997
4,174,1983.0,0.029062500000000005,0.30738125,0.24410625
4,175,1983.0,0.308125,0.36561250000000006,0.32168749999999996
4,176,1983.0,0.0188,0.15980000000000003,0.33216666666666667
4,177,1983.0,0.2722,0.21427999999999997,0.1504
4,178,1983.0,0.008692307692307692,0.11767692307692308,0.13239230769230767
4,179,1983.0,0.2299,0.11167,0.26525
4,180,1983.0,0.024,0.24835000000000002,0.29359999999999997
4,181,1983.0,0.271625,0.37579999999999997,0.4061625
4,182,1983.0,0.018733333333333334,0.19107333333333332,0.18980666666666668
4,183,1983.0,0.3001111111111111,0.15248888888888887,0.24583333333333332
4,184,1983.0,0.017,0.24630000000000002,0.6054428571428573
4,185,1983.0,0.339,0.19763636363636367,0.17532727272727275
4,186,1983.0,0.0275,0.06625,0.07516666666666666
4,187,1983.0,0.04190000000000001,0.14469,0.30757
4,188,1983.0,0.25922222222222224,0.4583666666666667,0.7156777777777779
4,189,1983.0,0.013714285714285715,0.5626142857142856,0.5503071428571428
4,190,1983.0,0.37100000000000005,0.3612375,0.38297499999999995
4,191,1983.0,0.03982352941176471,0.15672352941176468,0.20548235294117645
4,192,1983.0,0.3854285714285714,0.12858571428571428,0.23595714285714284
4,193,1983.0,0.02613333333333334,0.19144666666666668,0.5600666666666665
4,194,1983.0,0.35055555555555556,0.3912777777777778,0.4584444444444445
4,195,1983.0,0.033,0.25228749999999994,0.30770624999999996
4,196,1983.0,0.34066666666666673,0.1545111111111111,0.25350000000000006
4,197,1983.0,0.034687499999999996,0.09455000000000001,0.17718749999999997
4,198,1983.0,0.39599999999999996,0.053799999999999994,0.09996666666666666
4,199,1983.0,0.045222222222222226,0.09955,0.1666722222222222
4,200,1983.0,0.31316666666666665,0.20551666666666668,0.27780000000000005
4,201,1983.0,0.0313125,0.11116874999999998,0.1617375
4,202,1983.0,0.34099999999999997,0.05452222222222222,0.1544555555555555
4,203,1983.0,0.030399999999999996,0.044846666666666674,0.08074666666666666
4,204,1983.0,0.34619999999999995,0.029730000000000006,0.07843
4,205,1983.0,0.019799999999999998,0.13083999999999998,0.3921533333333333
4,206,1983.0,0.10659183673469384,0.3422489795918367,0.5085714285714287
4,207,1983.0,0.40224999999999994,0.1523125,0.37065
4,208,1983.0,0.03706666666666667,0.03577333333333334,0.06104666666666667
4,209,1983.0,0.516375,0.03995,0.0715375
4,210,1983.0,0.038875,0.20645625,0.3086625
4,211,1983.0,0.286625,0.4202,0.4782125
4,212,1983.0,0.019285714285714288,0.3619285714285714,0.5873714285714285
4,213,1983.0,0.31290909090909097,0.20513636363636364,0.2963363636363636
4,214,1983.0,0.03306666666666667,0.11147999999999998,0.2829666666666667
4,215,1983.0,0.345625,0.1022125,0.258975
4,216,1983.0,0.0355625,0.0837625,0.261975
4,217,1983.0,0.36777777777777776,0.06618888888888888,0.19675555555555554
4,218,1983.0,0.026600000000000002,0.21516666666666667,0.26999333333333336
4,219,1983.0,0.31188888888888894,0.3999222222222223,0.6006
4,220,1983.0,0.030066666666666665,0.30688666666666664,0.5823866666666666
4,221,1983.0,0.20099999999999993,0.6668357142857142,0.7231428571428572
4,222,1983.0,0.012555555555555554,0.37820000000000004,0.5307333333333334
4,223,1983.0,0.3669,0.39799,0.36063999999999996
4,224,1983.0,0.015538461538461537,0.29705384615384617,0.41405384615384616
4,225,1983.0,0.282,0.2917727272727273,0.3969909090909091
4,226,1983.0,0.03746666666666667,0.2981,0.6312
4,227,1983.0,0.35500000000000004,0.49343333333333333,0.7321666666666667
4,228,1983.0,0.025,0.30835714285714283,0.4313071428571429
4,229,1983.0,0.3762,0.37403,0.36512
4,230,1983.0,0.021714285714285714,0.23703571428571424,0.26241428571428577
4,231,1983.0,0.3083636363636364,0.24246363636363635,0.24803636363636364
4,232,1983.0,0.037142857142857144,0.11895714285714286,0.28909285714285715
4,233,1983.0,0.4352857142857142,0.23731428571428567,0.5874857142857143
4,234,1983.0,0.09871428571428571,0.3483714285714286,0.5825285714285714
4,235,1983.0,0.0327,0.27158,0.40808
4,236,1983.0,0.44985714285714284,0.22847142857142858,0.2865142857142858
4,237,1983.0,0.04826666666666667,0.1238,0.30198
4,238,1983.0,0.30200000000000005,0.09619090909090909,0.2230636363636364
4,239,1983.0,0.017384615384615384,0.054253846153846166,0.13507692307692307
4,240,1983.0,0.3186,0.022119999999999997,0.14937999999999999
4,241,1983.0,0.029285714285714283,0.04101428571428571,0.10940714285714288
4,242,1983.0,0.32545454545454544,0.035518181818181824,0.08602727272727272
4,243,1983.0,0.03673333333333333,0.05040666666666667,0.0803
4,244,1983.0,0.3796666666666666,0.03957777777777778,0.07227777777777779
4,245,1983.0,0.02585714285714286,0.08030714285714287,0.08232142857142856
4,246,1983.0,0.3484,0.10483,0.15579
4,247,1983.0,0.024153846153846154,0.07485384615384615,0.14475384615384618
4,248,1983.0,0.4861,0.02891,0.03981
4,249,1983.0,0.043428571428571434,0.04483571428571429,0.10877857142857142
4,250,1983.0,0.3855555555555556,0.07255555555555554,0.10805555555555554
4,251,1983.0,0.06805882352941177,0.0710764705882353,0.20757647058823528
4,252,1983.0,0.4757777777777778,0.10859999999999999,0.42521111111111115
4,253,1983.0,0.05806666666666667,0.15212000000000003,0.4650600000000001
4,254,1983.0,0.5528750000000001,0.23655,0.48471249999999994
4,255,1983.0,0.04514285714285714,0.2515428571428572,0.4236928571428572
4,256,1983.0,0.3047272727272727,0.4216,0.32280909090909093
4,257,1983.0,0.09925000000000002,0.4145666666666667,0.27629166666666666
4,258,1983.0,0.03573333333333333,0.22347333333333333,0.16844666666666666
4,259,1983.0,0.45925,0.1401875,0.09820000000000001
4,260,1983.0,0.06225000000000001,0.07951874999999999,0.041999999999999996
4,261,1983.0,0.420875,0.0683625,0.093575
4,262,1983.0,0.034428571428571426,0.12200000000000001,0.17407857142857144
4,263,1983.0,0.34750000000000003,0.07067000000000001,0.07648999999999999
4,264,1983.0,0.06716666666666667,0.06891666666666667,0.1614833333333333
4,265,1983.0,0.027500000000000004,0.17411000000000001,0.38903000000000004
4,266,1983.0,0.31333333333333335,0.3971222222222222,0.3511555555555556
4,267,1983.0,0.03666666666666667,0.2848466666666667,0.21740666666666664
4,268,1983.0,0.34312500000000007,0.224375,0.344775
4,269,1983.0,0.0406,0.13596,0.21754000000000004
4,270,1983.0,0.23477777777777778,0.17155555555555557,0.18385555555555558
4,271,1983.0,0.031133333333333332,0.16491333333333333,0.2722933333333334
4,272,1983.0,0.3407777777777778,0.19952222222222224,0.2339777777777778
4,273,1983.0,0.048,0.07102666666666665,0.08027333333333336
4,274,1983.0,0.4173,0.10638999999999998,0.25866
4,275,1983.0,0.06886666666666666,0.18646666666666667,0.5359533333333333
4,276,1983.0,0.60075,0.2539375,0.5336875
4,277,1983.0,0.05864285714285714,0.22964999999999997,0.5090214285714285
4,278,1983.0,0.35888888888888887,0.19899999999999998,0.42034444444444446
4,279,1983.0,0.09321052631578948,0.14238947368421054,0.35407894736842105
4,280,1983.0,0.37024999999999997,0.32923749999999996,0.524475
4,281,1983.0,0.03030769230769231,0.24119999999999997,0.4026384615384615
4,282,1983.0,0.41083333333333333,0.3857166666666667,0.3783
4,283,1983.0,0.038384615384615385,0.15949230769230768,0.1591
4,284,1983.0,0.30800000000000005,0.3102727272727272,0.26987272727272726
4,285,1983.0,0.024692307692307694,0.4872615384615385,0.49581538461538466
4,286,1983.0,0.31555555555555553,0.43621111111111105,0.4822222222222222
4,287,1983.0,0.042428571428571434,0.3172714285714286,0.36594999999999994
4,288,1983.0,0.4374545454545454,0.5157272727272728,0.3707545454545455
4,289,1983.0,0.021166666666666667,0.24975,0.2599666666666667
4,290,1983.0,0.349,0.3622222222222222,0.27912222222222227
4,291,1983.0,0.06958823529411765,0.6236176470588235,0.7215058823529411
4,292,1983.0,0.5042222222222222,0.7209222222222222,0.6507777777777778
4,293,1983.0,0.045785714285714284,0.48551428571428573,0.5575642857142857
4,294,1983.0,0.5045,0.36025,0.35629
4,295,1983.0,0.031538461538461536,0.06400769230769233,0.05710769230769231
4,296,1983.0,0.23109090909090912,0.09866363636363636,0.027172727272727272
4,297,1983.0,0.021846153846153845,0.08137692307692307,0.03178461538461538
4,298,1983.0,0.39418181818181813,0.051954545454545455,0.03197272727272727
4,299,1983.0,0.05773333333333334,0.07964666666666666,0.06604000000000002
4,300,1983.0,0.5066666666666667,0.08258888888888888,0.1580888888888889
4,301,1983.0,0.06406666666666667,0.059879999999999996,0.17852666666666667
4,302,1983.0,0.5302222222222223,0.046411111111111104,0.20872222222222225
4,303,1983.0,0.059866666666666665,0.09635333333333333,0.2609733333333333
4,304,1983.0,0.44766666666666666,0.18685555555555555,0.33795555555555556
4,305,1983.0,0.04757142857142856,0.14946428571428574,0.2961214285714286
4,306,1983.0,0.4753333333333334,0.0995888888888889,0.20832222222222221
4,307,1983.0,0.05128571428571429,0.051228571428571436,0.18785
4,308,1983.0,0.4178181818181818,0.043199999999999995,0.10052727272727274
4,309,1983.0,0.02530769230769231,0.11117692307692308,0.1468153846153846
4,310,1983.0,0.2791666666666666,0.11265833333333335,0.13476666666666667
4,311,1983.0,0.033999999999999996,0.0992,0.20954285714285717
4,312,1983.0,0.390125,0.05323749999999999,0.16607500000000003
4,313,1983.0,0.05006666666666667,0.07502666666666667,0.1409
4,314,1983.0,0.38281818181818184,0.23003636363636365,0.10114545454545455
4,315,1983.0,0.041285714285714294,0.27007857142857145,0.1705142857142857
4,316,1983.0,0.43700000000000006,0.42668888888888884,0.2942222222222223
4,317,1983.0,0.03184615384615385,0.30053846153846153,0.36135384615384614
4,318,1983.0,0.45454545454545453,0.3534636363636363,0.2939545454545454
4,319,1983.0,0.03053846153846154,0.2413461538461539,0.26353076923076924
4,320,1983.0,0.2892222222222222,0.27258888888888894,0.27321111111111107
4,321,1983.0,0.0444375,0.34753750000000005,0.45139375000000004
4,322,1983.0,0.375,0.3757,0.4875
4,323,1983.0,0.05666666666666667,0.1745533333333333,0.2245333333333333
4,324,1983.0,0.4945555555555555,0.09715555555555556,0.1272111111111111
4,325,1983.0,0.029769230769230774,0.09395384615384618,0.14895384615384613
4,326,1983.0,0.25991666666666663,0.193725,0.25701666666666667
4,327,1983.0,0.022538461538461542,0.525623076923077,0.5742307692307693
4,328,1983.0,0.532,0.49233750000000004,0.34867499999999996
4,329,1983.0,0.08482352941176471,0.4248529411764706,0.22892941176470588
4,330,1983.0,0.40659999999999996,0.45237999999999995,0.27866
4,331,1983.0,0.04921428571428572,0.2550285714285714,0.1379857142857143
4,332,1983.0,0.4553333333333333,0.2502222222222222,0.11131111111111111
4,333,1983.0,0.05826666666666667,0.07787999999999999,0.10192666666666668
4,334,1983.0,0.485,0.2019,0.14525
4,335,1983.0,0.05,0.13047142857142857,0.16949999999999996
4,336,1983.0,0.3768181818181818,0.12380000000000001,0.1088
4,337,1983.0,0.050866666666666664,0.08952666666666668,0.04342000000000001
4,338,1983.0,0.45999999999999996,0.022233333333333334,0.011199999999999998
4,339,1983.0,0.06106666666666668,0.014899999999999998,0.023406666666666666
4,340,1983.0,0.5165555555555555,0.014955555555555555,0.03248888888888889
4,341,1983.0,0.05960000000000001,0.02781333333333334,0.05925333333333332
4,342,1983.0,0.471375,0.025362499999999996,0.0705125
4,343,1983.0,0.05266666666666667,0.07944666666666667,0.1611
4,344,1983.0,0.46900000000000003,0.06063333333333333,0.14672222222222223
4,345,1983.0,0.04842857142857143,0.07816428571428571,0.20645714285714284
4,346,1983.0,0.45439999999999997,0.029900000000000003,0.14514
4,347,1983.0,0.04942857142857143,0.03958571428571428,0.1827785714285714
4,348,1983.0,0.42927272727272725,0.036745454545454546,0.1196181818181818
4,349,1983.0,0.05393333333333334,0.045726666666666665,0.07944666666666667
4,350,1983.0,0.485375,0.025750000000000002,0.0616125
4,351,1983.0,0.0704375,0.068425,0.04632499999999999
4,352,1983.0,0.508875,0.16631250000000003,0.0773375
4,353,1983.0,0.067125,0.2524625,0.21234375000000003
4,354,1983.0,0.4635555555555556,0.4632777777777778,0.39134444444444444
4,355,1983.0,0.05173333333333333,0.09199333333333334,0.14313333333333336
4,356,1983.0,0.44287499999999996,0.0300375,0.05395
4,357,1983.0,0.07505882352941176,0.08011176470588234,0.24925294117647057
4,358,1983.0,0.43014285714285716,0.13057142857142856,0.2616428571428572
4,359,1983.0,0.055375,0.132925,0.28618125
4,360,1983.0,0.4471111111111111,0.1282333333333333,0.1335777777777778
4,361,1983.0,0.029461538461538466,0.09503076923076924,0.10348461538461538
4,362,1983.0,0.4074545454545454,0.03848181818181818,0.09209999999999999
4,363,1983.0,0.025153846153846155,0.05274615384615384,0.16906923076923075
4,364,1983.0,0.3634545454545455,0.03496363636363636,0.09974545454545454
4,365,1983.0,0.055733333333333336,0.09937333333333334,0.09577333333333334
4,366,1983.0,0.5445555555555557,0.11733333333333335,0.07012222222222222
4,367,1983.0,0.035153846153846154,0.09945384615384614,0.21333846153846153
4,368,1983.0,0.38333333333333347,0.09024166666666668,0.32227500000000003
4,369,1983.0,0.030214285714285718,0.11209285714285713,0.31952142857142857
4,370,1983.0,0.38462500000000005,0.10585,0.20165
4,371,1983.0,0.052125,0.11689375,0.1444
4,372,1983.0,0.37822222222222224,0.0941888888888889,0.0782888888888889
4,373,1983.0,0.02292307692307692,0.07344615384615384,0.10321538461538463
4,374,1983.0,0.35741666666666666,0.0265,0.056875
4,375,1983.0,0.03621428571428571,0.05318571428571429,0.16982857142857144
4,376,1983.0,0.438125,0.06,0.0621
4,377,1983.0,0.06370588235294117,0.09307058823529411,0.09730588235294117
4,378,1983.0,0.426125,0.13948750000000001,0.2428625
4,379,1983.0,0.02346153846153846,0.1595076923076923,0.3017846153846154
4,380,1983.0,0.30691666666666667,0.3240166666666666,0.2517333333333333
4,381,1983.0,0.041285714285714294,0.37195714285714293,0.2215785714285714
4,382,1983.0,0.5037777777777778,0.5467777777777778,0.23716666666666666
4,383,1983.0,0.03628571428571429,0.21125,0.19380714285714287
4,384,1983.0,0.36750000000000005,0.15169,0.052969999999999996
4,385,1983.0,0.03546666666666667,0.13892000000000002,0.10771333333333334
4,386,1983.0,0.2766666666666666,0.1290111111111111,0.1337
4,387,1983.0,0.0215,0.1592428571428571,0.3036785714285714
4,388,1983.0,0.4208,0.19532999999999998,0.43705000000000005
4,389,1983.0,0.03546666666666667,0.1401866666666667,0.27154
4,390,1983.0,0.4116666666666667,0.11193333333333334,0.14206666666666667
4,391,1983.0,0.04413333333333334,0.17060666666666668,0.18814
4,392,1983.0,0.3857777777777778,0.4852999999999999,0.23137777777777777
4,393,1983.0,0.030533333333333332,0.30798000000000003,0.3203333333333333
4,394,1983.0,0.36722222222222217,0.21712222222222222,0.2180888888888889
4,395,1983.0,0.045733333333333334,0.16064666666666666,0.1444
4,396,1983.0,0.4685,0.08603,0.12352
4,397,1983.0,0.022307692307692306,0.07942307692307692,0.15876153846153845
4,398,1983.0,0.41890909090909095,0.04669090909090909,0.1947909090909091
4,399,1983.0,0.039071428571428576,0.04624285714285714,0.17499999999999996
4,400,1983.0,0.48400000000000004,0.038650000000000004,0.14067500000000002
4,401,1983.0,0.053875,0.0646625,0.16391875000000003
4,402,1983.0,0.4568888888888889,0.04302222222222222,0.2061666666666667
4,403,1983.0,0.045866666666666674,0.08730666666666667,0.30994
4,404,1983.0,0.5014444444444445,0.09765555555555555,0.3316
4,405,1983.0,0.04900000000000001,0.08629333333333333,0.30989999999999995
4,406,1983.0,0.530875,0.046275000000000004,0.22908750000000003
4,407,1983.0,0.063375,0.10767499999999999,0.17054999999999995
4,408,1983.0,0.49562500000000004,0.1527625,0.1114375
4,409,1983.0,0.0525,0.26470625000000003,0.186375
4,410,1983.0,0.511,0.3512875,0.3407375
4,411,1983.0,0.063,0.20926875,0.31945625
4,412,1983.0,0.5347500000000001,0.18556249999999996,0.18986250000000002
4,413,1983.0,0.061125000000000006,0.11280625000000002,0.060281249999999995
4,414,1983.0,0.53,0.2919125,0.12118749999999999
4,415,1983.0,0.03986666666666667,0.3553,0.32142
4,416,1983.0,0.35919999999999996,0.5275700000000001,0.50968
4,417,1983.0,0.0338,0.31916,0.5586599999999999
4,418,1983.0,0.011222222222222224,0.18174444444444443,0.35290000000000005
4,419,1983.0,0.3074444444444444,0.16488888888888892,0.3888666666666667
4,420,1983.0,0.0336875,0.08906875,0.1816375
4,421,1983.0,0.32833333333333337,0.13094444444444445,0.2072
4,422,1983.0,0.017285714285714286,0.17556428571428576,0.19046428571428572
4,423,1983.0,0.3546666666666667,0.18562222222222222,0.09486666666666668
4,424,1983.0,0.0401875,0.08964375,0.22170625000000002
4,425,1983.0,0.45125,0.10718749999999999,0.3030375
4,426,1983.0,0.0456875,0.18056874999999997,0.42188125
4,427,1983.0,0.40577777777777785,0.23553333333333334,0.2678555555555555
4,428,1983.0,0.0406875,0.09458749999999998,0.19590625
4,429,1983.0,0.3527142857142857,0.07928571428571429,0.10974285714285714
4,430,1983.0,0.026533333333333336,0.058980000000000005,0.06251999999999999
4,431,1983.0,0.38375,0.018862499999999997,0.040537500000000004
4,432,1983.0,0.0333125,0.04030625,0.05662500000000001
4,433,1983.0,0.29977777777777775,0.02432222222222222,0.027655555555555558
4,434,1983.0,0.023066666666666666,0.05228666666666667,0.11886
4,435,1983.0,0.417888888888889,0.04511111111111111,0.17678888888888888
4,436,1983.0,0.0399375,0.06295624999999999,0.25535625
4,437,1983.0,0.43274999999999997,0.0459375,0.21055
4,438,1983.0,0.0435,0.056281250000000005,0.2146375
4,439,1983.0,0.482875,0.083275,0.14440000000000003
4,440,1983.0,0.043375,0.15584375000000003,0.11148125
4,441,1983.0,0.412375,0.09358749999999999,0.08482499999999998
4,442,1983.0,0.035,0.134875,0.23046875
4,443,1983.0,0.417125,0.08066250000000001,0.3708875
4,444,1983.0,0.045294117647058825,0.09071764705882351,0.2841117647058824
4,445,1983.0,0.43857142857142856,0.17225714285714286,0.1396
4,446,1983.0,0.04125,0.25105625000000004,0.10727499999999998
4,447,1983.0,0.48437499999999994,0.24873749999999997,0.07211250000000001
4,448,1983.0,0.03373333333333333,0.19154666666666664,0.10614000000000003
4,449,1983.0,0.3837777777777777,0.1875,0.12684444444444443
4,450,1983.0,0.030764705882352944,0.1486705882352941,0.1536176470588235
4,451,1983.0,0.37962500000000005,0.1713,0.23133749999999997
4,452,1983.0,0.010846153846153847,0.19464615384615383,0.2666307692307692
4,453,1983.0,0.14675,0.6492687499999998,0.8705125
4,454,1983.0,0.0024444444444444444,0.37673333333333336,0.8650777777777778
4,455,1983.0,0.32489999999999997,0.7805500000000001,0.9625999999999999
4,456,1983.0,0.011000000000000001,0.6685500000000001,0.8470666666666667
4,457,1983.0,0.029000000000000005,0.33512,0.56627
4,458,1983.0,0.2795,0.45536666666666664,0.8255
4,459,1983.0,0.0275,0.7634000000000001,0.91141875
4,460,1983.0,0.41550000000000004,0.7092625,0.74435
4,461,1983.0,0.049882352941176475,0.5877882352941176,0.5553705882352942
4,462,1983.0,0.457125,0.6037374999999999,0.5849874999999999
4,463,1983.0,0.06266666666666666,0.4258499999999999,0.57085
4,464,1983.0,0.00025,0.17838750000000003,0.291125
4,465,1983.0,0.20306666666666665,0.07012666666666667,0.10291333333333336
4,466,1983.0,0.0,0.23754444444444445,0.31522222222222224
4,467,1983.0,0.09780000000000001,0.35248000000000007,0.6043599999999999
4,468,1983.0,0.014363636363636363,0.2555,0.38425454545454546
4,469,1983.0,0.312625,0.24310000000000004,0.32762499999999994
4,470,1983.0,0.0171875,0.25094375,0.38553750000000003
4,471,1983.0,0.24525000000000002,0.5672,0.6464749999999999
4,472,1983.0,0.011266666666666666,0.7426933333333333,0.7426133333333333
4,473,1983.0,0.2183,0.76488,0.8430099999999999
4,474,1983.0,0.005076923076923077,0.5069384615384614,0.8403923076923078
4,475,1983.0,0.2857272727272728,0.2408636363636364,0.5564909090909091
4,476,1983.0,0.05143243243243243,0.11769189189189189,0.277827027027027
4,477,1983.0,0.27566666666666667,0.15665555555555555,0.32674444444444445
4,478,1983.0,0.022294117647058825,0.2719941176470588,0.5316294117647059
4,479,1983.0,0.2775714285714286,0.3105714285714286,0.7215285714285714
4,480,1983.0,0.022176470588235294,0.25833529411764705,0.7107588235294118
4,481,1983.0,0.2958571428571428,0.2613285714285714,0.5750428571428572
4,482,1983.0,0.04094444444444444,0.2799555555555556,0.5686166666666668
4,483,1983.0,0.4678571428571429,0.2759,0.5159714285714284
4,484,1983.0,0.03783333333333333,0.28886666666666666,0.49134999999999995
4,485,1983.0,0.03272727272727272,0.5621272727272726,0.758409090909091
4,486,1983.0,0.3641428571428572,0.8052285714285715,0.8404714285714286
4,487,1983.0,0.013285714285714286,0.8544071428571429,0.8243785714285714
4,488,1983.0,0.2211818181818182,0.7853636363636365,0.8063727272727274
4,489,1983.0,0.003461538461538461,0.6047307692307693,0.6418538461538461
4,490,1983.0,0.09168749999999999,0.4297125,0.47745000000000004
4,491,1983.0,0.0,0.16865,0.1993625
4,492,1983.0,0.14685714285714283,0.1338857142857143,0.21362142857142857
4,493,1983.0,0.0,0.2104,0.4759333333333334
4,494,1983.0,0.14553333333333335,0.12653333333333333,0.11864
4,495,1983.0,0.008666666666666666,0.32758333333333334,0.43130000000000007
4,496,1983.0,0.298875,0.46377499999999994,0.43682499999999996
4,497,1983.0,0.008066666666666665,0.32364,0.4340799999999999
4,498,1983.0,0.30111111111111116,0.2746555555555556,0.3382222222222222
4,499,1983.0,0.03247058823529412,0.17154705882352939,0.33699411764705883
4,500,1983.0,0.38712499999999994,0.28304999999999997,0.1258375
4,501,1983.0,0.010866666666666667,0.22688,0.16052000000000002
4,502,1983.0,0.365,0.3108625,0.2740375
4,503,1983.0,0.017,0.302475,0.20291874999999998
4,504,1983.0,0.35550000000000004,0.17099999999999999,0.033100000000000004
4,505,1983.0,0.025166666666666667,0.05101666666666666,0.07328333333333333
4,506,1983.0,0.0059,0.19461,0.25112999999999996
4,507,1983.0,0.15623076923076923,0.3438230769230769,0.3168461538461539
4,508,1983.0,0.005545454545454545,0.27147272727272725,0.1322818181818182
4,509,1983.0,0.23414285714285712,0.38785714285714284,0.15087142857142857
4,510,1983.0,0.020833333333333332,0.4277277777777779,0.3830444444444444
4,511,1983.0,0.22542857142857148,0.5153857142857142,0.5047142857142857
4,512,1983.0,0.04454166666666667,0.5304249999999998,0.5335708333333333
4,513,1983.0,0.0068000000000000005,0.30033999999999994,0.4156066666666666
4,514,1983.0,0.271,0.2844,0.2629375
4,515,1983.0,0.055045454545454536,0.408175,0.5090545454545454
4,516,1983.0,0.07118181818181818,0.7183590909090909,0.7893272727272728
4,517,1983.0,0.3535,0.7460333333333332,0.8249
4,518,1983.0,0.0425,0.5518666666666666,0.7682500000000001
4,519,1983.0,0.0,0.25357777777777774,0.5612666666666667
4,520,1983.0,0.15216666666666667,0.21911666666666665,0.3733
4,521,1983.0,0.088,0.5088699999999999,0.53127
4,522,1983.0,0.0,0.35483750000000003,0.537675
4,523,1983.0,0.12818181818181815,0.3432636363636364,0.4969818181818182
4,524,1983.0,0.007062499999999999,0.4337625,0.6585875
4,525,1983.0,0.1069230769230769,0.3634230769230769,0.8409923076923077
4,526,1983.0,0.0,0.160375,0.5494
4,527,1983.0,0.0225,0.09887499999999999,0.154525
4,528,1983.0,0.12316666666666666,0.3115333333333334,0.39468333333333333
4,529,1983.0,0.009941176470588236,0.46789411764705874,0.6321235294117648
4,530,1983.0,0.24285714285714285,0.5581142857142857,0.7390428571428572
4,531,1983.0,0.011058823529411765,0.592435294117647,0.8176764705882354
4,532,1983.0,0.24671428571428572,0.6980714285714286,0.8354857142857143
4,533,1983.0,0.014333333333333335,0.4948333333333334,0.7248
4,534,1983.0,0.0,0.292775,0.511675
4,535,1983.0,0.0466875,0.702,0.8706187500000001
4,536,1983.0,0.0,0.7473124999999999,0.852425
4,537,1983.0,0.07640000000000001,0.7056866666666667,0.6859466666666667
4,538,1983.0,0.0,0.7438111111111112,0.7982444444444443
4,539,1983.0,0.1577777777777778,0.6118555555555556,0.7743666666666666
4,540,1983.0,0.01109090909090909,0.45206363636363633,0.5609000000000001
4,541,1983.0,0.034596153846153846,0.7369615384615382,0.936198076923077
4,542,1983.0,0.23922222222222222,0.6776777777777778,0.8415222222222223
4,543,1983.0,0.010357142857142858,0.3041071428571428,0.57595
4,544,1983.0,0.0026666666666666666,0.5977333333333333,0.7447666666666667
4,545,1983.0,0.0723846153846154,0.8851692307692308,0.9164153846153847
4,546,1983.0,0.0,0.8149333333333334,0.8902000000000001
4,547,1983.0,0.24240000000000003,0.67283,0.7632299999999999
4,548,1983.0,0.011235294117647059,0.37322352941176473,0.47576470588235287
4,549,1983.0,0.2631666666666667,0.13501666666666667,0.18423333333333333
4,550,1983.0,0.011176470588235295,0.07823529411764707,0.1772235294117647
4,551,1983.0,0.34312499999999996,0.1155125,0.144625
4,552,1983.0,0.011,0.20509411764705882,0.15204117647058824
4,553,1983.0,0.2895714285714286,0.32784285714285716,0.15880000000000002
4,554,1983.0,0.004875,0.57308125,0.380525
4,555,1983.0,0.21000000000000002,0.403675,0.34040000000000004
4,556,1983.0,0.012294117647058825,0.2299764705882353,0.24417058823529406
4,557,1983.0,0.32285714285714284,0.09082857142857144,0.1840285714285714
4,558,1983.0,0.0098,0.21880000000000002,0.12825999999999999
4,559,1983.0,0.0,0.5369666666666666,0.2576555555555555
4,560,1983.0,0.062200000000000005,0.6865999999999999,0.54918
4,561,1983.0,0.0,0.4844222222222222,0.4085777777777777
4,562,1983.0,0.06803448275862069,0.41561379310344815,0.2835344827586207
4,563,1983.0,0.11999999999999998,0.4076181818181819,0.5063181818181818
4,564,1983.0,0.008090909090909091,0.2813818181818182,0.4632818181818182
4,565,1983.0,0.2874285714285714,0.25558571428571436,0.3802714285714286
4,566,1983.0,0.0030625,0.20695000000000002,0.40796250000000006
4,567,1983.0,0.25012499999999993,0.38082499999999997,0.1915375
4,568,1983.0,0.005999999999999999,0.5080333333333333,0.2853666666666667
4,569,1983.0,0.007333333333333333,0.7144333333333334,0.5094916666666666
4,570,1983.0,0.0418,0.7955333333333333,0.76988
4,571,1983.0,0.0,0.5029833333333332,0.6347999999999999
4,572,1983.0,0.0526875,0.31916875,0.33925625
4,573,1983.0,0.0,0.48873750000000005,0.43282499999999996
4,574,1983.0,0.07814285714285714,0.48112142857142853,0.55605
4,575,1983.0,0.019205882352941177,0.16781764705882352,0.17577647058823528
4,576,1983.0,0.06075000000000001,0.062431249999999994,0.1503375
4,577,1983.0,0.0,0.04475,0.0674
4,578,1983.0,0.0875625,0.14840625,0.035050000000000005
4,579,1983.0,0.03391176470588235,0.3104294117647059,0.11485882352941178
4,580,1983.0,0.03808333333333334,0.42566666666666664,0.3462541666666667
4,581,1983.0,0.10507142857142857,0.3516571428571429,0.3826428571428572
4,582,1983.0,0.0,0.24987499999999999,0.3017125
4,583,1983.0,0.038411764705882354,0.17827647058823531,0.3790470588235294
4,584,1983.0,0.004555555555555556,0.1489888888888889,0.1351
4,585,1983.0,0.20285714285714285,0.07451428571428573,0.16235714285714284
4,586,1983.0,0.04254716981132074,0.23163962264150945,0.3564773584905661
4,587,1983.0,0.03862790697674419,0.11067906976744185,0.23777906976744193
4,588,1983.0,0.01361111111111111,0.21781666666666666,0.6445555555555558
4,589,1983.0,0.3176,0.15628000000000003,0.42458
4,590,1983.0,0.018666666666666668,0.19481666666666667,0.29151666666666665
4,591,1983.0,0.0,0.29793,0.18381
4,592,1983.0,0.06912499999999998,0.27386875,0.43821875000000005
4,593,1983.0,0.0,0.2097,0.430875
4,594,1983.0,0.06957142857142858,0.17879285714285714,0.3567285714285714
4,595,1983.0,0.0329375,0.10501874999999998,0.17644374999999998
4,596,1983.0,0.0019166666666666666,0.26745,0.107
4,597,1983.0,0.07423076923076924,0.4988,0.29086153846153845
4,598,1983.0,0.007083333333333333,0.3416583333333334,0.4643916666666667
4,599,1983.0,0.0826153846153846,0.22903076923076926,0.31116923076923075
4,600,1983.0,0.0,0.2838375,0.4605499999999999
4,601,1983.0,0.10835714285714285,0.17740714285714285,0.3437857142857143
4,602,1983.0,0.0,0.10918999999999998,0.14736
4,603,1983.0,0.0955,0.20328125,0.09985000000000001
4,604,1983.0,0.0,0.10339999999999999,0.0951625
4,605,1983.0,0.08725000000000001,0.10060624999999998,0.09238750000000001
4,606,1983.0,0.0,0.22383750000000002,0.378025
4,607,1983.0,0.024214285714285712,0.2660857142857143,0.42935000000000006
4,608,1983.0,0.0,0.35036999999999996,0.45326000000000005
4,609,1983.0,0.010266666666666667,0.43460666666666664,0.7757466666666667
4,610,1983.0,0.009210526315789475,0.3006526315789474,0.7001631578947368
4,611,1983.0,0.0,0.17800000000000002,0.34935
4,612,1983.0,0.01021875,0.248815625,0.5910875000000001
4,613,1983.0,0.0435,0.3800214285714286,0.7276714285714284
4,614,1983.0,0.0,0.27437,0.40373000000000003
4,615,1983.0,0.0685625,0.09357499999999999,0.22489374999999998
4,616,1983.0,0.0,0.115,0.1731375
4,617,1983.0,0.049357142857142856,0.24295000000000003,0.2589214285714286
4,618,1983.0,0.0321,0.4345016666666667,0.4043366666666666
4,619,1983.0,0.05876923076923077,0.23269999999999996,0.19705384615384616
4,620,1983.0,0.00045454545454545455,0.37863636363636366,0.2780545454545454
4,621,1983.0,0.034272727272727274,0.5693999999999998,0.5162318181818183
4,622,1983.0,0.030375,0.30170625,0.3489625
4,623,1983.0,0.0,0.25948750000000004,0.373675
4,624,1983.0,0.059250000000000004,0.09808750000000001,0.26866875
4,625,1983.0,0.0,0.1697125,0.16997500000000001
4,626,1983.0,0.06222222222222223,0.3167333333333333,0.20946666666666663
4,627,1983.0,0.0,0.5475,0.4492
4,628,1983.0,0.007388888888888889,0.5494111111111111,0.7143777777777777
4,629,1983.0,0.0,0.2288333333333333,0.5314166666666668
4,630,1983.0,0.0,0.4378111111111111,0.6567555555555555
4,631,1983.0,0.02085714285714286,0.7416214285714285,0.7411285714285715
4,632,1983.0,0.0,0.514190909090909,0.8764636363636363
4,633,1983.0,0.060230769230769234,0.2687615384615385,0.5853769230769231
4,634,1983.0,0.01652941176470588,0.16510588235294119,0.2375
4,635,1983.0,0.0010588235294117648,0.30918823529411765,0.3840647058823529
4,636,1983.0,0.0454,0.20408,0.24997333333333333
4,637,1983.0,0.0,0.4561777777777778,0.32886666666666664
4,638,1983.0,0.0226,0.7144333333333334,0.7145133333333333
4,639,1983.0,0.0,0.7978666666666667,0.8973555555555556
4,640,1983.0,0.0205,0.5170666666666667,0.8765833333333334
4,641,1983.0,0.0041,0.30682,0.5654600000000001
4,642,1983.0,0.0,0.16161250000000002,0.49084999999999995
4,643,1983.0,0.03613333333333334,0.10225999999999999,0.39458666666666675
4,644,1983.0,0.0,0.24042222222222223,0.36223333333333335
4,645,1983.0,0.023571428571428573,0.31005,0.4995428571428572
4,646,1983.0,0.005189189189189189,0.3378756756756756,0.44608378378378377
4,647,1983.0,0.016857142857142855,0.5055428571428571,0.7597666666666666
4,648,1983.0,0.014142857142857143,0.5671357142857142,0.6357785714285713
4,649,1983.0,0.00046153846153846153,0.4256000000000001,0.5357000000000001
4,650,1983.0,0.014545454545454544,0.4581727272727273,0.7904818181818182
4,651,1983.0,0.0,0.32300999999999996,0.66735
4,652,1983.0,0.01596666666666667,0.19346000000000002,0.5022399999999999
4,653,1983.0,0.004388888888888889,0.24959999999999993,0.753088888888889
4,654,1983.0,0.019142857142857145,0.14229285714285714,0.3636857142857143
4,655,1983.0,0.0,0.2160625,0.16017499999999998
4,656,1983.0,0.0,0.53715,0.54925
4,657,1983.0,0.009142857142857144,0.6787142857142856,0.8685857142857143
4,658,1983.0,0.0299375,0.7750000000000001,0.7671000000000002
4,659,1983.0,0.0008888888888888889,0.40068888888888887,0.6125333333333334
4,660,1983.0,0.0027,0.34473000000000004,0.8376700000000001
4,661,1983.0,0.048,0.24321818181818183,0.45705454545454544
4,662,1983.0,0.0,0.59135,0.4576
4,663,1983.0,0.0,0.6294500000000001,0.775625
4,664,1983.0,0.02823076923076923,0.8394307692307693,0.8870153846153846
4,665,1983.0,9.090909090909092e-05,0.6242090909090908,0.7321545454545454
4,666,1983.0,0.049249999999999995,0.3832875,0.604275
4,667,1983.0,0.0,0.23561875000000002,0.30912500000000004
4,668,1983.0,0.019384615384615386,0.47521538461538465,0.3424307692307693
4,669,1983.0,0.00027272727272727274,0.6930272727272727,0.6434636363636363
4,670,1983.0,0.06599999999999999,0.5569428571428572,0.6293714285714287
4,671,1983.0,0.0001,0.7605999999999999,0.70167
4,672,1983.0,0.027333333333333334,0.9168999999999998,0.9291866666666667
